0.1 1000
0.11 994.737
0.12 989.475
0.13 984.212
0.14 978.95
0.15 973.687
0.16 968.425
0.17 963.162
0.18 957.9
0.19 952.637
0.2 947.375
0.21 942.112
0.22 936.85
0.23 931.587
0.24 926.325
0.25 921.062
0.26 915.8
0.27 910.537
0.28 905.275
0.29 900.012
0.3 894.75
0.31 889.487
0.32 884.225
0.33 878.962
0.34 873.7
0.35 868.437
0.36 863.175
0.37 857.912
0.38 852.65
0.39 847.387
0.4 842.125
0.41 836.862
0.42 831.6
0.43 826.337
0.44 821.075
0.45 815.812
0.46 810.55
0.47 805.287
0.48 800.025
0.49 794.762
0.5 789.5
0.51 784.237
0.52 778.975
0.53 773.712
0.54 768.45
0.55 763.187
0.56 757.925
0.57 752.662
0.58 747.4
0.59 742.137
0.6 736.875
0.61 731.612
0.62 726.35
0.63 721.087
0.64 715.825
0.65 710.562
0.66 705.3
0.67 700.037
0.68 694.775
0.69 689.512
0.7 684.25
0.71 678.987
0.72 673.725
0.73 668.462
0.74 663.2
0.75 657.937
0.76 652.675
0.77 647.412
0.78 642.15
0.79 636.887
0.8 631.625
0.81 626.362
0.82 621.1
0.83 615.837
0.84 610.575
0.85 605.312
0.86 600.05
0.87 594.787
0.88 589.525
0.89 584.262
0.9 579
0.91 573.737
0.92 568.475
0.93 563.212
0.94 557.95
0.95 552.687
0.96 547.425
0.97 542.162
0.98 536.9
0.99 531.637
1 526.375
1.01 521.112
1.02 515.85
1.03 510.587
1.04 505.325
1.05 500.062
1.06 494.8
1.07 489.537
1.08 484.275
1.09 479.012
1.1 473.75
1.11 468.487
1.12 463.225
1.13 457.962
1.14 452.7
1.15 447.437
1.16 442.175
1.17 436.912
1.18 431.65
1.19 426.387
1.2 421.125
1.21 415.862
1.22 410.6
1.23 405.337
1.24 400.075
1.25 394.812
1.26 389.55
1.27 384.287
1.28 379.025
1.29 373.762
1.3 368.5
1.31 363.237
1.32 357.975
1.33 352.712
1.34 347.45
1.35 342.187
1.36 336.925
1.37 331.662
1.38 326.4
1.39 321.137
1.4 315.875
1.41 310.612
1.42 305.35
1.43 300.087
1.44 294.825
1.45 289.562
1.46 284.3
1.47 279.037
1.48 273.775
1.49 268.512
1.5 263.25
1.51 257.987
1.52 252.725
1.53 247.462
1.54 242.2
1.55 236.937
1.56 231.675
1.57 226.412
1.58 221.15
1.59 215.887
1.6 210.625
1.61 205.362
1.62 200.1
1.63 194.837
1.64 189.575
1.65 184.312
1.66 179.05
1.67 173.787
1.68 168.525
1.69 163.262
1.7 158
1.71 152.737
1.72 147.475
1.73 142.212
1.74 136.95
1.75 131.687
1.76 126.425
1.77 121.162
1.78 115.9
1.79 110.637
1.8 105.375
1.81 100.112
1.82 94.85
1.83 89.5875
1.84 84.325
1.85 79.0625
1.86 73.8
1.87 68.5375
1.88 63.275
1.89 58.0125
1.9 52.75
1.91 47.4875
1.92 42.225
1.93 36.9625
1.94 31.7
1.95 26.4375
1.96 21.175
1.97 15.9125
1.98 10.65
1.99 5.3875
2 0.125
