0.1 1000
0.11 814.677
0.12 663.031
0.13 539.356
0.14 438.83
0.15 357.387
0.16 291.61
0.17 238.642
0.18 196.102
0.19 162.012
0.2 134.739
0.21 112.938
0.22 95.5091
0.23 81.5566
0.24 70.3551
0.25 61.3206
0.26 53.986
0.27 47.9802
0.28 43.0103
0.29 38.8471
0.3 35.3124
0.31 32.2691
0.32 29.6124
0.33 27.263
0.34 25.1614
0.35 23.2632
0.36 21.5356
0.37 19.9543
0.38 18.5014
0.39 17.1634
0.4 15.93
0.41 14.793
0.42 13.7458
0.43 12.7824
0.44 11.8974
0.45 11.0858
0.46 10.3427
0.47 9.66309
0.48 9.04225
0.49 8.4754
0.5 7.95793
0.51 7.48531
0.52 7.05322
0.53 6.65759
0.54 6.29457
0.55 5.96061
0.56 5.65249
0.57 5.36727
0.58 5.10235
0.59 4.85545
0.6 4.62456
0.61 4.40797
0.62 4.20423
0.63 4.0121
0.64 3.83056
0.65 3.65877
0.66 3.49603
0.67 3.34176
0.68 3.19549
0.69 3.05681
0.7 2.92536
0.71 2.80085
0.72 2.68298
0.73 2.57149
0.74 2.46608
0.75 2.36651
0.76 2.27247
0.77 2.1837
0.78 2.09988
0.79 2.02073
0.8 1.94594
0.81 1.87521
0.82 1.80823
0.83 1.74471
0.84 1.68437
0.85 1.62695
0.86 1.57219
0.87 1.51987
0.88 1.46979
0.89 1.42176
0.9 1.37562
0.91 1.33125
0.92 1.28853
0.93 1.24737
0.94 1.20771
0.95 1.16948
0.96 1.13266
0.97 1.0972
0.98 1.06309
0.99 1.03031
1 0.998849
1.01 0.968685
1.02 0.9398
1.03 0.912169
1.04 0.885761
1.05 0.860536
1.06 0.836448
1.07 0.813442
1.08 0.791458
1.09 0.770426
1.1 0.750274
1.11 0.730927
1.12 0.712308
1.13 0.694341
1.14 0.676952
1.15 0.660076
1.16 0.64365
1.17 0.627622
1.18 0.611951
1.19 0.596606
1.2 0.581567
1.21 0.566827
1.22 0.552389
1.23 0.538268
1.24 0.524487
1.25 0.511077
1.26 0.498073
1.27 0.485513
1.28 0.473437
1.29 0.461878
1.3 0.450868
1.31 0.440427
1.32 0.430566
1.33 0.421283
1.34 0.412561
1.35 0.404368
1.36 0.396656
1.37 0.389364
1.38 0.382415
1.39 0.375721
1.4 0.369186
1.41 0.362708
1.42 0.356188
1.43 0.349528
1.44 0.342642
1.45 0.335459
1.46 0.327931
1.47 0.320034
1.48 0.311776
1.49 0.303199
1.5 0.294384
1.51 0.285446
1.52 0.276539
1.53 0.267849
1.54 0.259591
1.55 0.251998
1.56 0.245312
1.57 0.239771
1.58 0.235595
1.59 0.232963
1.6 0.232004
1.61 0.232767
1.62 0.23521
1.63 0.239174
1.64 0.244377
1.65 0.250391
1.66 0.256644
1.67 0.262415
1.68 0.26685
1.69 0.268976
1.7 0.267739
1.71 0.262053
1.72 0.250862
1.73 0.233223
1.74 0.208406
1.75 0.176012
1.76 0.136101
1.77 0.0893419
1.78 0.0371636
1.79 -0.0180908
1.8 -0.0730181
1.81 -0.123032
1.82 -0.16228
1.83 -0.18362
1.84 -0.178686
1.85 -0.138078
1.86 -0.0517198
1.87 0.0905736
1.88 0.298244
1.89 0.578788
1.9 0.936121
1.91 1.36839
1.92 1.86515
1.93 2.40369
1.94 2.94445
1.95 3.42526
1.96 3.75417
1.97 3.80076
1.98 3.38543
1.99 2.26657
2 0.125
