1 0
1.01 0.00995033
1.02 0.0198026
1.03 0.0295588
1.04 0.0392207
1.05 0.0487902
1.06 0.0582689
1.07 0.0676586
1.08 0.076961
1.09 0.0861777
1.1 0.0953102
1.11 0.10436
1.12 0.113329
1.13 0.122218
1.14 0.131028
1.15 0.139762
1.16 0.14842
1.17 0.157004
1.18 0.165514
1.19 0.173953
1.2 0.182322
1.21 0.19062
1.22 0.198851
1.23 0.207014
1.24 0.215111
1.25 0.223144
1.26 0.231112
1.27 0.239017
1.28 0.24686
1.29 0.254642
1.3 0.262364
1.31 0.270027
1.32 0.277632
1.33 0.285179
1.34 0.29267
1.35 0.300105
1.36 0.307485
1.37 0.314811
1.38 0.322083
1.39 0.329304
1.4 0.336472
1.41 0.34359
1.42 0.350657
1.43 0.357674
1.44 0.364643
1.45 0.371564
1.46 0.378436
1.47 0.385262
1.48 0.392042
1.49 0.398776
1.5 0.405465
1.51 0.41211
1.52 0.41871
1.53 0.425268
1.54 0.431782
1.55 0.438255
1.56 0.444686
1.57 0.451076
1.58 0.457425
1.59 0.463734
1.6 0.470004
1.61 0.476234
1.62 0.482426
1.63 0.48858
1.64 0.494696
1.65 0.500775
1.66 0.506818
1.67 0.512824
1.68 0.518794
1.69 0.524729
1.7 0.530628
1.71 0.536493
1.72 0.542324
1.73 0.548121
1.74 0.553885
1.75 0.559616
1.76 0.565314
1.77 0.57098
1.78 0.576613
1.79 0.582216
1.8 0.587787
1.81 0.593327
1.82 0.598837
1.83 0.604316
1.84 0.609766
1.85 0.615186
1.86 0.620576
1.87 0.625938
1.88 0.631272
1.89 0.636577
1.9 0.641854
1.91 0.647103
1.92 0.652325
1.93 0.65752
1.94 0.662688
1.95 0.667829
1.96 0.672944
1.97 0.678034
1.98 0.683097
1.99 0.688135
2 0.693147
