0.1 1000
0.11 971.411
0.12 943.315
0.13 915.706
0.14 888.581
0.15 861.937
0.16 835.769
0.17 810.073
0.18 784.845
0.19 760.082
0.2 735.78
0.21 711.935
0.22 688.542
0.23 665.598
0.24 643.099
0.25 621.041
0.26 599.42
0.27 578.233
0.28 557.475
0.29 537.142
0.3 517.231
0.31 497.737
0.32 478.658
0.33 459.987
0.34 441.723
0.35 423.861
0.36 406.397
0.37 389.327
0.38 372.647
0.39 356.353
0.4 340.442
0.41 324.909
0.42 309.751
0.43 294.964
0.44 280.543
0.45 266.485
0.46 252.787
0.47 239.443
0.48 226.45
0.49 213.805
0.5 201.502
0.51 189.54
0.52 177.912
0.53 166.617
0.54 155.649
0.55 145.004
0.56 134.68
0.57 124.671
0.58 114.975
0.59 105.586
0.6 96.5019
0.61 87.7179
0.62 79.2303
0.63 71.0351
0.64 63.1285
0.65 55.5065
0.66 48.1653
0.67 41.1009
0.68 34.3094
0.69 27.7869
0.7 21.5295
0.71 15.5332
0.72 9.79423
0.73 4.3086
0.74 -0.927576
0.75 -5.91822
0.76 -10.6672
0.77 -15.1786
0.78 -19.4561
0.79 -23.5037
0.8 -27.3253
0.81 -30.9249
0.82 -34.3063
0.83 -37.4735
0.84 -40.4303
0.85 -43.1807
0.86 -45.7285
0.87 -48.0778
0.88 -50.2324
0.89 -52.1962
0.9 -53.9731
0.91 -55.567
0.92 -56.9819
0.93 -58.2217
0.94 -59.2902
0.95 -60.1914
0.96 -60.9292
0.97 -61.5075
0.98 -61.9302
0.99 -62.2012
1 -62.3245
1.01 -62.3039
1.02 -62.1433
1.03 -61.8468
1.04 -61.4181
1.05 -60.8611
1.06 -60.1799
1.07 -59.3783
1.08 -58.4602
1.09 -57.4295
1.1 -56.2901
1.11 -55.0461
1.12 -53.7011
1.13 -52.2593
1.14 -50.7244
1.15 -49.1004
1.16 -47.3912
1.17 -45.6007
1.18 -43.7329
1.19 -41.7915
1.2 -39.7807
1.21 -37.7041
1.22 -35.5659
1.23 -33.3698
1.24 -31.1198
1.25 -28.8198
1.26 -26.4737
1.27 -24.0855
1.28 -21.6589
1.29 -19.198
1.3 -16.7067
1.31 -14.1888
1.32 -11.6483
1.33 -9.08904
1.34 -6.515
1.35 -3.93007
1.36 -1.33814
1.37 1.25685
1.38 3.85101
1.39 6.44043
1.4 9.02119
1.41 11.5894
1.42 14.1411
1.43 16.6724
1.44 19.1794
1.45 21.6583
1.46 24.105
1.47 26.5156
1.48 28.8863
1.49 31.2132
1.5 33.4923
1.51 35.7197
1.52 37.8916
1.53 40.0039
1.54 42.0529
1.55 44.0345
1.56 45.9449
1.57 47.7802
1.58 49.5364
1.59 51.2097
1.6 52.7961
1.61 54.2917
1.62 55.6926
1.63 56.9949
1.64 58.1947
1.65 59.2881
1.66 60.2712
1.67 61.14
1.68 61.8906
1.69 62.5192
1.7 63.0218
1.71 63.3946
1.72 63.6335
1.73 63.7347
1.74 63.6943
1.75 63.5084
1.76 63.1731
1.77 62.6843
1.78 62.0384
1.79 61.2312
1.8 60.259
1.81 59.1178
1.82 57.8037
1.83 56.3127
1.84 54.6411
1.85 52.7848
1.86 50.74
1.87 48.5027
1.88 46.069
1.89 43.4351
1.9 40.5969
1.91 37.5507
1.92 34.2925
1.93 30.8183
1.94 27.1243
1.95 23.2066
1.96 19.0612
1.97 14.6843
1.98 10.0719
1.99 5.22009
2 0.125
