1 0
1.01 0.0097961
1.02 0.0195134
1.03 0.0291526
1.04 0.0387142
1.05 0.048199
1.06 0.0576076
1.07 0.0669405
1.08 0.0761985
1.09 0.0853823
1.1 0.0944923
1.11 0.103529
1.12 0.112494
1.13 0.121387
1.14 0.130209
1.15 0.13896
1.16 0.147641
1.17 0.156254
1.18 0.164798
1.19 0.173273
1.2 0.181682
1.21 0.190024
1.22 0.1983
1.23 0.206511
1.24 0.214657
1.25 0.222738
1.26 0.230757
1.27 0.238713
1.28 0.246606
1.29 0.254438
1.3 0.262209
1.31 0.26992
1.32 0.277572
1.33 0.285164
1.34 0.292698
1.35 0.300175
1.36 0.307594
1.37 0.314957
1.38 0.322265
1.39 0.329517
1.4 0.336715
1.41 0.343859
1.42 0.35095
1.43 0.357988
1.44 0.364974
1.45 0.37191
1.46 0.378794
1.47 0.385629
1.48 0.392414
1.49 0.39915
1.5 0.405839
1.51 0.41248
1.52 0.419074
1.53 0.425622
1.54 0.432125
1.55 0.438583
1.56 0.444996
1.57 0.451367
1.58 0.457694
1.59 0.463978
1.6 0.470222
1.61 0.476424
1.62 0.482586
1.63 0.488708
1.64 0.494791
1.65 0.500835
1.66 0.506842
1.67 0.512811
1.68 0.518744
1.69 0.524642
1.7 0.530503
1.71 0.536331
1.72 0.542124
1.73 0.547884
1.74 0.553611
1.75 0.559307
1.76 0.564971
1.77 0.570604
1.78 0.576207
1.79 0.58178
1.8 0.587325
1.81 0.592841
1.82 0.59833
1.83 0.603792
1.84 0.609228
1.85 0.614638
1.86 0.620023
1.87 0.625384
1.88 0.630721
1.89 0.636034
1.9 0.641326
1.91 0.646596
1.92 0.651844
1.93 0.657072
1.94 0.66228
1.95 0.667469
1.96 0.672639
1.97 0.677792
1.98 0.682927
1.99 0.688045
2 0.693147
