-1 0.0384615
-0.99 1.16996
-0.98 1.81179
-0.97 2.09967
-0.96 2.14063
-0.95 2.01789
-0.94 1.79506
-0.93 1.51976
-0.92 1.22662
-0.91 0.93994
-0.9 0.675844
-0.89 0.444112
-0.88 0.249704
-0.87 0.0940052
-0.86 -0.0241574
-0.85 -0.107694
-0.84 -0.160604
-0.83 -0.187469
-0.82 -0.19307
-0.81 -0.182094
-0.8 -0.158939
-0.79 -0.127573
-0.78 -0.0914516
-0.77 -0.053482
-0.76 -0.016014
-0.75 0.0191398
-0.74 0.0506679
-0.73 0.0777104
-0.72 0.0998026
-0.71 0.116815
-0.7 0.128891
-0.69 0.136388
-0.68 0.139824
-0.67 0.139822
-0.66 0.137064
-0.65 0.132259
-0.64 0.126097
-0.63 0.119236
-0.62 0.112267
-0.61 0.105711
-0.6 0.1
-0.59 0.095477
-0.58 0.0923925
-0.57 0.0909079
-0.56 0.0911008
-0.55 0.0929727
-0.54 0.0964588
-0.53 0.101439
-0.52 0.107748
-0.51 0.115191
-0.5 0.123551
-0.49 0.132602
-0.48 0.14212
-0.47 0.151893
-0.46 0.161725
-0.45 0.171451
-0.44 0.180934
-0.43 0.190074
-0.42 0.19881
-0.41 0.20712
-0.4 0.215022
-0.39 0.222573
-0.38 0.229862
-0.37 0.237014
-0.36 0.244179
-0.35 0.251528
-0.34 0.259251
-0.33 0.267547
-0.32 0.27662
-0.31 0.286669
-0.3 0.297886
-0.29 0.31045
-0.28 0.324517
-0.27 0.34022
-0.26 0.35766
-0.25 0.376907
-0.24 0.397993
-0.23 0.420912
-0.22 0.445617
-0.21 0.472022
-0.2 0.5
-0.19 0.529385
-0.18 0.559974
-0.17 0.591532
-0.16 0.623791
-0.15 0.656457
-0.14 0.689217
-0.13 0.721737
-0.12 0.753676
-0.11 0.784685
-0.1 0.814416
-0.09 0.842527
-0.08 0.868688
-0.07 0.892587
-0.06 0.913935
-0.05 0.93247
-0.04 0.947962
-0.03 0.960219
-0.02 0.969086
-0.01 0.974451
7.5287e-16 0.976247
0.01 0.974451
0.02 0.969086
0.03 0.960219
0.04 0.947962
0.05 0.93247
0.06 0.913935
0.07 0.892587
0.08 0.868688
0.09 0.842527
0.1 0.814416
0.11 0.784685
0.12 0.753676
0.13 0.721737
0.14 0.689217
0.15 0.656457
0.16 0.623791
0.17 0.591532
0.18 0.559974
0.19 0.529385
0.2 0.5
0.21 0.472022
0.22 0.445617
0.23 0.420912
0.24 0.397993
0.25 0.376907
0.26 0.35766
0.27 0.34022
0.28 0.324517
0.29 0.31045
0.3 0.297886
0.31 0.286669
0.32 0.27662
0.33 0.267547
0.34 0.259251
0.35 0.251528
0.36 0.244179
0.37 0.237014
0.38 0.229862
0.39 0.222573
0.4 0.215022
0.41 0.20712
0.42 0.19881
0.43 0.190074
0.44 0.180934
0.45 0.171451
0.46 0.161725
0.47 0.151893
0.48 0.14212
0.49 0.132602
0.5 0.123551
0.51 0.115191
0.52 0.107748
0.53 0.101439
0.54 0.0964588
0.55 0.0929727
0.56 0.0911008
0.57 0.0909079
0.58 0.0923925
0.59 0.095477
0.6 0.1
0.61 0.105711
0.62 0.112267
0.63 0.119236
0.64 0.126097
0.65 0.132259
0.66 0.137064
0.67 0.139822
0.68 0.139824
0.69 0.136388
0.7 0.128891
0.71 0.116815
0.72 0.0998026
0.73 0.0777104
0.74 0.0506679
0.75 0.0191398
0.76 -0.016014
0.77 -0.053482
0.78 -0.0914516
0.79 -0.127573
0.8 -0.158939
0.81 -0.182094
0.82 -0.19307
0.83 -0.187469
0.84 -0.160604
0.85 -0.107694
0.86 -0.0241574
0.87 0.0940052
0.88 0.249704
0.89 0.444112
0.9 0.675844
0.91 0.93994
0.92 1.22662
0.93 1.51976
0.94 1.79506
0.95 2.01789
0.96 2.14063
0.97 2.09967
0.98 1.81179
0.99 1.16996
1 0.0384615
