1 0
1.01 0.00693147
1.02 0.0138629
1.03 0.0207944
1.04 0.0277259
1.05 0.0346574
1.06 0.0415888
1.07 0.0485203
1.08 0.0554518
1.09 0.0623832
1.1 0.0693147
1.11 0.0762462
1.12 0.0831777
1.13 0.0901091
1.14 0.0970406
1.15 0.103972
1.16 0.110904
1.17 0.117835
1.18 0.124766
1.19 0.131698
1.2 0.138629
1.21 0.145561
1.22 0.152492
1.23 0.159424
1.24 0.166355
1.25 0.173287
1.26 0.180218
1.27 0.18715
1.28 0.194081
1.29 0.201013
1.3 0.207944
1.31 0.214876
1.32 0.221807
1.33 0.228739
1.34 0.23567
1.35 0.242602
1.36 0.249533
1.37 0.256464
1.38 0.263396
1.39 0.270327
1.4 0.277259
1.41 0.28419
1.42 0.291122
1.43 0.298053
1.44 0.304985
1.45 0.311916
1.46 0.318848
1.47 0.325779
1.48 0.332711
1.49 0.339642
1.5 0.346574
1.51 0.353505
1.52 0.360437
1.53 0.367368
1.54 0.374299
1.55 0.381231
1.56 0.388162
1.57 0.395094
1.58 0.402025
1.59 0.408957
1.6 0.415888
1.61 0.42282
1.62 0.429751
1.63 0.436683
1.64 0.443614
1.65 0.450546
1.66 0.457477
1.67 0.464409
1.68 0.47134
1.69 0.478272
1.7 0.485203
1.71 0.492134
1.72 0.499066
1.73 0.505997
1.74 0.512929
1.75 0.51986
1.76 0.526792
1.77 0.533723
1.78 0.540655
1.79 0.547586
1.8 0.554518
1.81 0.561449
1.82 0.568381
1.83 0.575312
1.84 0.582244
1.85 0.589175
1.86 0.596107
1.87 0.603038
1.88 0.60997
1.89 0.616901
1.9 0.623832
1.91 0.630764
1.92 0.637695
1.93 0.644627
1.94 0.651558
1.95 0.65849
1.96 0.665421
1.97 0.672353
1.98 0.679284
1.99 0.686216
2 0.693147
