0.1 1000
0.11 911.72
0.12 829.714
0.13 753.633
0.14 683.139
0.15 617.912
0.16 557.644
0.17 502.042
0.18 450.824
0.19 403.723
0.2 360.484
0.21 320.862
0.22 284.625
0.23 251.553
0.24 221.434
0.25 194.069
0.26 169.269
0.27 146.852
0.28 126.648
0.29 108.494
0.3 92.239
0.31 77.7362
0.32 64.8491
0.33 53.4484
0.34 43.4124
0.35 34.6264
0.36 26.9824
0.37 20.3792
0.38 14.7217
0.39 9.92084
0.4 5.89338
0.41 2.56154
0.42 -0.14716
0.43 -2.3002
0.44 -3.96027
0.45 -5.18546
0.46 -6.02954
0.47 -6.5421
0.48 -6.76884
0.49 -6.7517
0.5 -6.52906
0.51 -6.13599
0.52 -5.60433
0.53 -4.96298
0.54 -4.23797
0.55 -3.45269
0.56 -2.62802
0.57 -1.78247
0.58 -0.932388
0.59 -0.0920275
0.6 0.726264
0.61 1.51193
0.62 2.25608
0.63 2.95135
0.64 3.59182
0.65 4.17285
0.66 4.69102
0.67 5.144
0.68 5.53045
0.69 5.84995
0.7 6.10288
0.71 6.29034
0.72 6.41408
0.73 6.47642
0.74 6.48016
0.75 6.42854
0.76 6.32515
0.77 6.17386
0.78 5.97879
0.79 5.74424
0.8 5.47463
0.81 5.17448
0.82 4.84831
0.83 4.50067
0.84 4.13606
0.85 3.7589
0.86 3.37347
0.87 2.98396
0.88 2.59436
0.89 2.20848
0.9 1.82992
0.91 1.46205
0.92 1.10799
0.93 0.770605
0.94 0.4525
0.95 0.15599
0.96 -0.116892
0.97 -0.364402
0.98 -0.585089
0.99 -0.777791
1 -0.941643
1.01 -1.07607
1.02 -1.18076
1.03 -1.25572
1.04 -1.30118
1.05 -1.31767
1.06 -1.30595
1.07 -1.26702
1.08 -1.20211
1.09 -1.11267
1.1 -1.00033
1.11 -0.86692
1.12 -0.714418
1.13 -0.54496
1.14 -0.36081
1.15 -0.16434
1.16 0.0419823
1.17 0.25562
1.18 0.473983
1.19 0.694447
1.2 0.914377
1.21 1.13115
1.22 1.34216
1.23 1.54486
1.24 1.73676
1.25 1.91548
1.26 2.07873
1.27 2.22434
1.28 2.35031
1.29 2.45478
1.3 2.53607
1.31 2.59271
1.32 2.62344
1.33 2.62721
1.34 2.60323
1.35 2.55095
1.36 2.47008
1.37 2.36062
1.38 2.22283
1.39 2.05728
1.4 1.86482
1.41 1.64661
1.42 1.40409
1.43 1.13903
1.44 0.853477
1.45 0.549788
1.46 0.230607
1.47 -0.101139
1.48 -0.442245
1.49 -0.789246
1.5 -1.13843
1.51 -1.48585
1.52 -1.82734
1.53 -2.15857
1.54 -2.47501
1.55 -2.77201
1.56 -3.04482
1.57 -3.28859
1.58 -3.49845
1.59 -3.66954
1.6 -3.797
1.61 -3.87612
1.62 -3.90227
1.63 -3.87105
1.64 -3.7783
1.65 -3.62015
1.66 -3.39312
1.67 -3.09416
1.68 -2.72073
1.69 -2.27088
1.7 -1.7433
1.71 -1.13747
1.72 -0.453664
1.73 0.306891
1.74 1.14196
1.75 2.04817
1.76 3.02093
1.77 4.05431
1.78 5.14092
1.79 6.27179
1.8 7.43628
1.81 8.62188
1.82 9.81416
1.83 10.9966
1.84 12.1503
1.85 13.2542
1.86 14.2844
1.87 15.2146
1.88 16.0154
1.89 16.6544
1.9 17.096
1.91 17.3012
1.92 17.2274
1.93 16.828
1.94 16.0527
1.95 14.8469
1.96 13.1514
1.97 10.9026
1.98 8.03198
1.99 4.46578
2 0.125
